element vertex 14
element face 6
1 1 1 0.5773503 0.5773503 0.5773503
-1 1 1 -0.5773503 0.5773503 0.5773503
-1 -1 1 -0.5773503 -0.5773503 0.5773503
1 -1 1 0.5773503 -0.5773503 0.5773503
1 -1 -1 0.5773503 -0.5773503 -0.5773503
-1 -1 1 -0.5773503 -0.5773503 0.5773503
-1 -1 -1 -0.5773503 -0.5773503 -0.5773503
-1 -1 -1 -0.5773503 -0.5773503 -0.5773503
-1 -1 1 -0.5773503 -0.5773503 0.5773503
-1 1 1 -0.5773503 0.5773503 0.5773503
-1 1 -1 -0.5773503 0.5773503 -0.5773503
-1 1 -1 -0.5773503 0.5773503 -0.5773503
1 1 -1 0.5773503 0.5773503 -0.5773503
-1 -1 -1 -0.5773503 -0.5773503 -0.5773503
4 0 1 2 3
4 4 3 5 6
4 7 8 9 10
4 11 12 4 13
4 12 0 3 4
4 10 9 0 12